# log10(n) log10(1/n) log10(log2(n)) log10(12*sqrt(n)) ...
1.3010 -1.301030e+00 6.356775e-01 1.729696e+00 2.349485e+00 6.635253e-01 1.093399e+01 1.936708e+00 1.880814e+00 4.603361e+00 4.204120e+00 5.622958e+00 9.542425e+00
1.6021 -1.602060e+00 7.260690e-01 1.880211e+00 2.500000e+00 8.170506e-01 1.123502e+01 2.328129e+00 3.105851e+00 5.204771e+00 5.107210e+00 8.526048e+00 1.908485e+01
1.9031 -1.903090e+00 8.008496e-01 2.030726e+00 2.650515e+00 9.705759e-01 1.153605e+01 2.703940e+00 3.783618e+00 5.806506e+00 6.010300e+00 1.203120e+01 3.816970e+01
2.2041 -2.204120e+00 8.646255e-01 2.181241e+00 2.801030e+00 1.124101e+00 1.183708e+01 3.068745e+00 4.402708e+00 6.408403e+00 6.913390e+00 1.613841e+01 7.633940e+01
2.5051 -2.505150e+00 9.202240e-01 2.331756e+00 2.951545e+00 1.277626e+00 1.213811e+01 3.425374e+00 5.008924e+00 7.010381e+00 7.816480e+00 2.084768e+01 1.526788e+02
2.8062 -2.806180e+00 9.695057e-01 2.482271e+00 3.102060e+00 1.431152e+00 1.243914e+01 3.775686e+00 5.612016e+00 7.612401e+00 8.719570e+00 2.615901e+01 3.053576e+02
3.1072 -3.107210e+00 1.013761e+00 2.632786e+00 3.252575e+00 1.584677e+00 1.274017e+01 4.120971e+00 6.214334e+00 8.214440e+00 9.622660e+00 3.207240e+01 6.107152e+02
3.4082 -3.408240e+00 1.053920e+00 2.783301e+00 3.403090e+00 1.738202e+00 1.304120e+01 4.462160e+00 6.816458e+00 8.816490e+00 1.052575e+01 3.858785e+01 1.221430e+03
3.7093 -3.709270e+00 1.090679e+00 2.933816e+00 3.553605e+00 1.891728e+00 1.334223e+01 4.799949e+00 7.418535e+00 9.418545e+00 1.142884e+01 4.570536e+01 2.442861e+03
4.0103 -4.010300e+00 1.124567e+00 3.084331e+00 3.704120e+00 2.045253e+00 1.364326e+01 5.134867e+00 8.020599e+00 1.002060e+01 1.233193e+01 5.342493e+01 4.885722e+03
4.3113 -4.311330e+00 1.156001e+00 3.234846e+00 3.854635e+00 2.198778e+00 1.394429e+01 5.467331e+00 8.622660e+00 1.062266e+01 1.323502e+01 6.174656e+01 9.771443e+03
4.6124 -4.612360e+00 1.185313e+00 3.385361e+00 4.005150e+00 2.352304e+00 1.424532e+01 5.797673e+00 9.224720e+00 1.122472e+01 1.413811e+01 7.067025e+01 1.954289e+04
4.9134 -4.913390e+00 1.212771e+00 3.535876e+00 4.155665e+00 2.505829e+00 1.454635e+01 6.126161e+00 9.826780e+00 1.182678e+01 1.504120e+01 8.019600e+01 3.908577e+04
5.2144 -5.214420e+00 1.238596e+00 3.686391e+00 4.306180e+00 2.659354e+00 1.484738e+01 6.453016e+00 1.042884e+01 1.242884e+01 1.594429e+01 9.032381e+01 7.817155e+04
5.5154 -5.515450e+00 1.262971e+00 3.836906e+00 4.456695e+00 2.812879e+00 1.514841e+01 6.778421e+00 1.103090e+01 1.303090e+01 1.684738e+01 1.010537e+02 1.563431e+05
5.8165 -5.816480e+00 1.286050e+00 3.987421e+00 4.607210e+00 2.966405e+00 1.544944e+01 7.102530e+00 1.163296e+01 1.363296e+01 1.775047e+01 1.123856e+02 3.126862e+05
6.1175 -6.117510e+00 1.307965e+00 4.137936e+00 4.757725e+00 3.119930e+00 1.575047e+01 7.425475e+00 1.223502e+01 1.423502e+01 1.865356e+01 1.243196e+02 6.253724e+05
6.4185 -6.418540e+00 1.328826e+00 4.288451e+00 4.908240e+00 3.273455e+00 1.605150e+01 7.747366e+00 1.283708e+01 1.483708e+01 1.955665e+01 1.368556e+02 1.250745e+06
6.7196 -6.719570e+00 1.348732e+00 4.438966e+00 5.058755e+00 3.426981e+00 1.635253e+01 8.068302e+00 1.343914e+01 1.543914e+01 2.045974e+01 1.499938e+02 2.501489e+06
