0
2
7
10
77
78
79
102
132
152
168
231
240
293
296
306
325
365
372
381
394
411
442
458
491
495
498
511
511
518
614
619
666
692
701
706
759
764
800
806
829
835
934
965
967
998
1020
1052
1058
1124
1130
1134
1135
1154
1178
1199
1242
1250
1331
1360
1375
1393
1418
1431
1440
1455
1457
1465
1468
1602
1632
1678
1684
1722
1736
1766
1822
1842
1912
1917
1967
1990
2009
2066
2070
2072
2075
2150
2168
2170
2176
2177
2261
2327
2339
2356
2358
2401
2407
2407
2441
2486
2495
2517
2533
2549
2570
2590
2609
2660
2669
2733
2742
2766
2768
2773
2779
2791
2806
2831
2845
2873
2911
2925
2994
3076
3093
3095
3103
3119
3146
3151
3157
3210
3213
3271
3277
3290
3303
3340
3363
3389
3436
3472
3484
3541
3541
3582
3588
3593
3607
3674
3770
3770
3779
3794
3826
3832
3853
3878
3892
3930
3966
4036
4039
4164
4181
4217
4222
4256
4260
4271
4295
4340
4349
4368
4368
4372
4396
4467
4513
4522
4523
4526
4573
4602
4679
4709
4756
4788
4825
4851
4864
4884
4930
4947
4989
5021
5024
5046
5080
5106
5147
5160
5223
5252
5287
5296
5299
5301
5353
5390
5403
5408
5436
5445
5454
5471
5490
5513
5534
5562
5599
5604
5605
5636
5653
5666
5678
5715
5741
5747
5774
5798
5806
5811
5963
5967
5969
5985
5998
6009
6022
6029
6067
6100
6109
6159
6165
6245
6256
6258
6265
6284
6332
6347
6356
6361
6399
6433
6433
6489
6493
6498
6526
6537
6557
6567
6579
6621
6641
6649
6683
6688
6726
6727
6773
6778
6835
6858
6897
6921
6922
6942
6952
6958
6989
6991
7013
7045
7046
7047
7099
7118
7127
7148
7168
7208
7222
7241
7257
7268
7345
7372
7378
7393
7398
7492
7511
7547
7548
7560
7595
7616
7618
7676
7697
7712
7788
7807
7846
7887
7912
7920
7948
7961
7996
8002
8029
8054
8116
8146
8151
8167
8195
8196
8196
8214
8347
8397
8399
8423
8424
8445
8445
8498
8527
8532
8712
8729
8743
8754
8757
8770
8777
8797
8810
8815
8816
8894
8942
8961
8971
8992
9002
9008
9016
9073
9112
9132
9212
9267
9308
9326
9375
9402
9425
9438
9451
9464
9513
9524
9535
9543
9571
9598
9616
9622
9624
9637
9643
9688
9802
9810
9842
9901
9919
9944
9953
9972
