3779
9008
6991
4256
7
7241
7047
4884
4271
511
5147
1375
3340
5353
2177
7807
9002
3770
1440
6727
78
6256
9112
7920
4295
6683
9308
3151
4372
3582
1766
8151
8942
8757
2407
5301
5998
5806
6537
6621
2669
1684
4349
6009
3389
6526
168
8743
296
7961
1822
6726
4217
934
998
4864
7618
306
4368
1990
240
2486
6493
5534
7595
5252
835
3593
1058
7372
6567
79
5408
7268
2441
8797
3794
2609
3892
442
6922
5715
7168
7492
6649
8167
2356
619
4825
3076
8961
1418
5562
5454
6952
3157
706
7788
3103
8116
5160
6022
8196
6921
3290
6989
2070
3436
9598
5963
3878
2873
1678
7398
365
4679
1917
9073
5299
3095
2150
4260
4513
7712
6067
1465
7222
6773
5605
325
1242
7118
6347
9438
4039
9637
2779
6109
9425
8729
8424
3303
1602
102
701
1967
1134
8971
7393
6433
2066
9543
7045
6579
3607
9464
4396
829
2590
2
1154
3832
3472
3853
9622
7511
9842
2401
9972
9267
1130
8397
2570
2733
4851
9624
1052
5985
4947
8445
8770
7013
4340
2168
9944
7948
1632
692
8777
4222
7046
6284
8054
518
6489
7676
8029
6332
77
8002
5599
7560
6399
4522
293
1250
498
7697
3588
5445
2495
2358
8810
6835
4526
8754
1135
6159
5798
6265
381
2845
2549
4788
3363
5390
8816
1393
1722
8894
5747
3674
2806
8498
8196
9451
6100
5046
7148
9688
491
9643
8399
5653
2831
2925
759
3966
5436
6557
231
2170
9402
9132
6958
2766
4523
5774
511
6245
1020
6258
9919
3826
4756
4467
3277
7208
9513
6778
6897
6356
2773
5296
2009
5604
4573
2768
9571
10
9326
9802
8532
5080
5287
5490
7846
9810
7616
4709
2407
4989
967
2327
8815
2075
3146
8445
5636
2660
5223
2533
9016
7996
4181
7378
9953
5106
6498
9524
1468
2176
5678
0
7257
965
1842
1455
7127
5811
6165
9535
800
3484
8214
5967
1912
1360
764
7548
372
2339
6433
5741
6688
614
3119
6641
2072
5969
2517
3541
8146
8195
3541
5403
5513
1736
3210
8992
7547
9375
8527
8347
9212
3093
666
1124
806
1431
5024
1178
3770
1457
3271
458
8423
2742
7099
495
8712
9616
4036
6858
4164
3930
2261
6029
5666
5471
5021
3213
1199
9901
7912
411
2994
4930
7887
152
6361
2911
1331
132
4368
4602
6942
2791
7345
394
