66
68
101
108
122
205
220
248
314
349
388
505
511
533
550
584
634
721
724
775
791
831
867
988
1022
1045
1109
1188
1196
1248
1273
1328
1349
1515
1554
1626
1631
1655
1759
1768
1774
1782
1818
1893
1893
1914
1984
2026
2030
2031
2038
2277
2303
2306
2321
2326
2381
2564
2578
2588
2612
2646
2959
3172
3214
3214
3215
3273
3365
3378
3470
3475
3510
3529
3534
3538
3662
3722
3753
3809
3863
3880
3941
3967
3977
4143
4226
4263
4297
4341
4405
4478
4620
4701
4768
4777
4886
5057
5059
5059
5078
5094
5129
5150
5164
5204
5250
5280
5305
5364
5386
5427
5464
5472
5483
5599
5654
5711
5810
5815
5886
5894
5908
5940
6016
6052
6121
6170
6185
6214
6233
6235
6265
6404
6509
6530
6596
6644
6661
6704
6811
6912
6937
6958
7106
7120
7123
7254
7291
7306
7413
7694
7702
7735
7765
7790
7875
7940
7948
8015
8017
8050
8084
8106
8176
8312
8315
8405
8421
8424
8443
8496
8528
8583
8627
8780
8848
8897
8900
8943
9019
9050
9063
9127
9129
9159
9290
9327
9413
9430
9432
9593
9595
9605
9633
9766
9867
9892
9939
9946
