533
2588
1109
9127
3365
7694
2564
1328
3977
775
9050
7702
8443
5280
6265
4701
8106
2381
5815
349
6937
1188
6704
7735
5810
6596
2321
7765
220
122
5711
7106
9063
3172
6233
8780
867
5150
108
1196
2277
9159
5250
721
791
1515
1774
8897
248
3941
5599
3538
5129
2303
1273
7291
8900
9946
5057
5472
68
7120
2578
5483
6644
5164
4263
3863
314
724
5059
8943
6235
6661
6016
3378
8176
4143
8627
4777
8084
4226
8315
3214
6530
5940
505
1782
5886
1914
7254
2306
5386
6185
7790
2031
1349
8405
5894
8015
9129
7306
6958
5364
3967
9327
5094
8496
3470
3722
3273
1554
7948
7940
4768
4478
3880
1626
2612
9766
9892
9867
8424
1631
6052
6214
3662
3753
4620
5908
1768
101
3214
5078
1818
3534
4405
6912
2030
7875
634
1655
9430
8583
9595
550
9413
3475
8528
2026
9593
8421
1893
8017
6404
4297
584
66
8050
5204
2326
6170
5305
1893
1248
7123
5427
5654
388
3809
3529
1022
5464
2959
9605
5059
3510
9019
4886
2038
1045
831
6811
9290
8848
3215
9939
9432
9633
4341
988
8312
511
2646
205
1759
6121
1984
7413
6509
